Ind01,	Locus01	Locus02	Locus03	Locus04	Locus05	Overall	
N	9	9	9	9	9	9	
A	4	5	3	6	3	21	
%	66.67	62.5	75	85.71	60	69.98	
Ar	3.45	3.76	2.75	4.69	2.9	3.51	
Ho	0.78	0.56	0.44	0.89	0.89	0.71	
He	0.67	0.65	0.55	0.77	0.59	0.65	
HWE	0.776	0.201	0.224	0.19	0.108	0.152	
Fis	-0.156	0.1509	0.191	-0.1613	-0.5158	-0.1013	
Fis_Low	-0.497	-0.2286	-0.3611	-0.4026	-0.781	-0.285	
Fis_High	0.2517	0.612	0.6897	0.0994	-0.3108	0.0563	
														
Ind10,	Locus01	Locus02	Locus03	Locus04	Locus05	Overall	
N	9	9	9	9	9	9	
A	5	5	3	4	4	21	
%	83.33	62.5	75	57.14	80	71.59	
Ar	3.92	3.74	2.77	3.57	3	3.4	
Ho	0.56	0.56	0.56	0.67	0.44	0.56	
He	0.72	0.62	0.54	0.67	0.54	0.62	
HWE	0.234	1	0.224	1	0	0.007	
Fis	0.2241	0.1089	-0.0345	0	0.1818	0.1	
Fis_Low	-0.2177	-0.2833	-0.4476	-0.3709	-0.3259	-0.0715	
Fis_High	0.7021	0.5896	0.2918	0.4448	0.7636	0.2238	
														
Ind19,	Locus01	Locus02	Locus03	Locus04	Locus05	Overall	
N	8	8	8	8	8	8	
A	4	5	3	4	4	20	
%	66.67	62.5	75	57.14	80	68.26	
Ar	3.62	3.85	2.75	3.3	3.08	3.32	
Ho	0.75	0.5	0.5	0.62	0.5	0.58	
He	0.7	0.66	0.53	0.55	0.63	0.62	
HWE	0.555	0.424	1	0.158	0.162	0.422	
Fis	-0.0787	0.2471	0.0588	-0.1268	0.2099	0.066	
Fis_Low	-0.5655	-0.1784	-0.4188	-0.5376	-0.4511	-0.1964	
Fis_High	0.3483	0.6622	0.6643	0.2419	0.8513	0.2778	
														
Ind27,	Locus01	Locus02	Locus03	Locus04	Locus05	Overall	
N	6	6	6	6	6	6	
A	4	5	4	5	3	21	
%	66.67	62.5	100	71.43	60	72.12	
Ar	3.63	3.91	3.3	4.37	2.66	3.57	
Ho	0.83	0.83	0.83	1	0.67	0.83	
He	0.71	0.61	0.58	0.74	0.61	0.65	
HWE	1	1	0.251	1	0.067	0.613	
Fis	-0.1765	-0.3636	-0.4286	-0.3585	-0.0909	-0.2821	
Fis_Low	-0.5488	-0.5676	-0.6934	-0.6713	-0.8814	-0.5689	
Fis_High	0.2304	-0.1313	-0.1787	-0.2009	0.5731	-0.0882	
														
